          X       Y       Z     PHI     PSI res atomn  ri
CA   42.468  11.165  63.306 -115.50  141.10 CYS   170  24
CA   34.562   4.669  68.527  -60.30  -49.90 PHE   462  60
CA   32.180  19.015  69.145 -159.40  161.50 PHE  1069 137
CA   41.710  11.060  62.251 -151.30  153.30 ALA  1461 189
CA   34.952   1.520  69.095  -91.80  144.00 SER   770 101
CA   31.625  23.834  70.788  -61.80  -42.00 ASN  1233 159
CA   41.896  10.739  63.249  -95.30   -7.00 ASN   564  72
CA   34.513   2.558  68.556 -109.60  133.20 GLN   821 107
CA   33.209  22.143  69.548 -132.30  140.00 THR   409  51
CA   42.977   9.768  62.085  -68.80  -14.00 ASP   534  66
CA   34.349   4.747  68.012  -96.50  121.40 THR   559  70
CA   30.765  20.311  70.099 -107.50  148.60 ASN   460  57
CA   42.328  12.167  62.658  -68.80  -14.00 ASP   534  66
CA   33.504   4.437  69.943  -97.20  138.30 SER   479  59
CA   33.291  19.502  68.614  -85.70  117.90 ASP   729  92
CA   42.738  12.613  62.835 -142.60  144.40 ARG   385  47
CA   34.063   2.816  69.207  -59.70  -49.20 TYR  1073 136
CA   32.542  19.559  69.004 -120.10  126.40 VAL   609  76
CA   42.731  12.090  63.040 -137.10  133.70 VAL   602  75
CA   34.159   3.561  69.664  -64.80  -41.10 ALA   483  59
CA   32.606  19.587  68.970 -167.50  154.50 ALA  1353 173
CA   41.250   8.872  63.215  -65.70  133.30 SER   317  42
CA   36.069   5.874  68.195  -72.60  133.10 GLU   241  31
CA   31.531  19.173  71.107  -65.60  -44.30 HIS   562  75
CA   43.282  12.626  62.425  -72.60  133.10 GLU   241  31
CA   33.420   4.699  69.196  -65.60  -44.30 HIS   562  75
CA   32.318  18.044  69.100 -107.10  128.50 THR   458  61
CA   42.471  11.612  62.767 -120.50  137.00 THR   258  33
CA   33.692   3.896  69.381  -73.90  -15.10 THR   390  51
CA   32.900  19.432  69.016  -90.20  127.40 VAL   444  59
CA   43.252  12.959  62.307 -120.50  137.00 THR   258  33
CA   33.497   3.826  69.423  -61.20  -48.60 LEU   596  79
CA   32.457  18.145  69.264  -90.20  127.40 VAL   444  59
CA   41.279  12.161  62.860 -107.10  128.50 THR   458  61
CA   34.177   4.111  67.860  -65.70  133.30 SER   317  42
CA   32.675  20.195  69.242  -65.60  -44.30 HIS   562  75
CA   40.747  10.903  64.471 -129.60  142.30 LEU   166  20
CA   35.858   3.635  68.618  -73.50  -34.30 GLN   387  47
CA   33.129  20.830  68.688 -137.20  148.20 TYR    75   9
CA   41.470  11.863  62.536 -139.60  126.00 SER  2309 293
CA   34.267   4.175  68.667  -55.90  -23.20 ASP   786  98
CA   32.577  18.795  69.257  -91.40  130.90 TRP   556  71
CA   40.774  10.515  63.843 -105.90  131.40 LYS   457  58
CA   35.610   4.186  68.250  -62.90  -51.50 ASP   546  69
CA   32.511  19.813  68.759 -139.60  113.60 LEU    32   4
CA   41.605  12.210  63.228  -91.50  121.70 ALA  3011 384
CA   33.337   4.679  68.783 -135.40  164.60 LYS   776  98
CA   34.028  18.740  69.479  -54.50  -50.30 GLN   212  27
CA   41.506  12.331  63.641  -91.50  121.70 ALA  3011 384
CA   33.348   3.367  69.305  -71.90  125.80 ALA  1103 140
CA   33.791  19.177  69.364  -54.50  -50.30 GLN   212  27
CA   42.847  11.074  62.482  -79.80  137.90 THR   520  66
CA   33.670   4.178  68.409 -125.80  148.60 PHE  3193 409
CA   32.451  20.085  69.221  -83.00  -40.50 GLU   606  77
CA   41.206   9.179  62.998  -93.90  128.30 TYR  2243 285
CA   36.188   5.227  68.296 -129.60  153.00 PHE  1130 144
CA   31.548  20.220  70.757  -69.90  -32.40 GLU  1907 242
CA   42.466  12.460  63.356 -158.60  176.10 GLY  1150 146
CA   34.084   3.967  68.955  -68.00  -46.50 ARG  1941 246
CA   32.118  18.871  69.396  178.60  179.10 GLY  2382 304
CA   42.824  10.044  63.141  -93.90  128.30 TYR  2243 285
CA   34.079   4.965  69.323  -62.20  133.30 ASN  2091 265
CA   31.871  19.851  70.838  -69.90  -32.40 GLU  1907 242
CA   42.414  10.104  63.221  -93.90  128.30 TYR  2243 285
CA   34.343   3.729  69.114  -62.20  133.30 ASN  2091 265
CA   31.712  20.358  70.458  -64.10  -37.60 GLN  1932 245
CA   41.886  11.013  62.664 -132.70  131.30 ALA  1263 161
CA   33.787   4.674  68.604  -65.50  -50.50 SER   985 123
CA   33.018  19.589  68.826 -154.30  165.00 TYR  1319 169
CA   41.427   9.770  62.404 -106.10  142.70 ALA  1251 159
CA   35.306   4.593  68.410  -88.90  114.80 LYS  1355 173
CA   31.383  21.466  70.136  -65.50  -40.50 ASP  1095 139
CA   41.765  10.965  63.885 -106.10  142.70 ALA  1251 159
CA   34.130   4.564  68.664   90.50   12.60 GLY  1563 200
CA   32.098  19.219  69.276 -100.70  123.70 LEU  1339 171
CA   42.747  11.696  62.909 -132.70  131.30 ALA  1263 161
CA   33.272   4.282  69.424   90.50   12.60 GLY  1563 200
CA   32.255  18.350  68.892 -154.30  165.00 TYR  1319 169
CA   42.609  12.298  62.705 -102.80  110.40 VAL   586  80
CA   34.215   4.573  68.855  -59.70  -45.90 VAL   504  69
CA   32.560  18.033  70.289   65.80 -144.60 GLY   104  13
CA   41.885  11.392  62.456  -77.90   -5.20 GLY   530  72
CA   34.921   5.243  68.324   65.80 -144.60 GLY   104  13
CA   32.741  18.757  70.318 -102.80  110.40 VAL   586  80
CA   41.568  12.452  62.725 -118.10  160.00 LEU   131  17
CA   34.038   4.766  67.966  -89.80  130.60 ILE   353  49
CA   32.439  19.179  69.710  -59.70  -45.90 VAL   504  69
CA   42.393  12.329  63.016 -102.80  110.40 VAL   586  80
CA   33.550   4.565  68.445  -59.70  -45.90 VAL   504  69
CA   32.450  19.058  69.890  -89.80  130.60 ILE   353  49
CA   42.625  12.081  62.716  -71.20  -45.20 ILE  1361 173
CA   34.158   5.165  68.691  -79.70  -17.50 ALA  1632 206
CA   32.604  18.868  68.845  -86.60  109.80 PHE   336  40
CA   42.590  11.990  61.823  -67.50  -38.90 GLU   187  29
CA   33.029   4.426  70.037 -133.50  138.10 VAL   859 119
CA   32.268  19.316  70.120 -125.10  111.10 SER   801 110
CA   43.202  11.879  62.585 -115.50  141.10 CYS   170  24
CA   33.071   4.585  69.411  -64.80  -40.80 SER   485  63
CA   32.362  18.461  68.967 -159.40  161.50 PHE  1069 137
CA   42.570  10.832  63.518  -70.70  173.30 SER  1063 136
CA   34.180   6.385  68.710  -67.50  -33.40 ASP   284  36
CA   31.926  16.976  69.965 -154.00  165.90 ASN   374  48
CA   41.168  10.197  63.849 -159.40  161.50 PHE  1069 137
CA   35.688   4.904  67.935 -122.00  157.20 SER   900 116
CA   32.787  20.255  70.208  -60.30  -49.90 PHE   462  60
CA   42.240  11.598  63.507 -159.80  154.20 CYS   949 118
CA   33.979   5.250  68.268  -60.50  -44.90 LYS   143  18
CA   32.165  18.525  69.839 -118.90  138.20 VAL   887 110
CA   42.226  11.390  63.742 -128.30  158.80 SER   485  61
CA   34.094   5.822  69.213  -62.00  -40.10 SER   152  19
CA   32.280  17.298  69.627 -144.20  155.90 MET   406  51
CA   41.697  11.168  63.782 -140.30  162.90 ALA   769  96
CA   35.537   4.995  68.205  -62.00  -40.10 SER   152  19
CA   32.274  19.085  69.249  -82.80  142.00 LYS   653  82
CA   41.911  11.513  62.288  -64.30  -24.20 ALA   175  22
CA   33.622   5.171  69.083 -101.60  121.80 GLN   499  63
CA   33.599  18.893  69.254 -143.80  160.80 GLY   395  49
CA   42.163  10.332  63.482 -159.80  154.20 CYS   949 118
CA   34.807   5.919  67.722  -64.30  -24.20 ALA   175  22
CA   33.021  20.022  69.604 -140.30  162.90 ALA   769  96
CA   41.440   9.855  63.955 -105.20  154.30 PHE   522  66
CA   34.648   5.031  68.642 -109.80  134.20 TYR   219  28
CA   32.805  18.957  70.527  -73.40  -18.30 CYS  1347 168
CA   42.415  12.199  61.866  -64.10  -42.20 LYS  1200 150
CA   33.442   4.367  69.094  -82.10  -26.30 VAL   251  31
CA   33.443  18.432  70.199  173.20 -166.40 GLY  1053 132
CA   40.280  11.447  63.579 -129.10  157.50 TYR  1057 133
CA   33.889   4.521  68.644  -64.10  -42.20 LYS  1200 150
CA   33.233  18.437  68.711  -82.10  -26.30 VAL   251  31
CA   41.231  10.952  62.410  173.20 -166.40 GLY  1053 132
CA   33.478   6.131  68.535 -148.50  158.70 LYS   258  32
CA   32.754  18.489  70.161  -64.10  -42.20 LYS  1200 150
CA   41.777  10.950  64.006  -92.80  152.60 ASN   596  75
CA   34.246   5.211  68.001  -73.40  -18.30 CYS  1347 168
CA   32.121  19.142  69.416 -105.20  154.30 PHE   522  66
CA   41.516  12.639  62.811  173.20 -166.40 GLY  1053 132
CA   33.913   4.845  68.110  -79.10  112.20 ILE   894 111
CA   32.774  18.949  69.516  -67.00  -50.00 GLU  1228 153
CA   43.157  12.185  62.708 -140.70  140.40 ASP   955 119
CA   33.763   5.071  69.307  -67.00  -50.00 GLU  1228 153
CA   32.234  17.675  69.369  173.20 -166.40 GLY  1053 132
CA   41.922  11.068  63.922 -100.50  109.40 GLU   883 114
CA   34.760   4.122  69.542 -123.70  158.90 THR   543  66
CA   33.346  20.785  69.569  -67.90  -50.80 VAL   941 121
CA   41.785  11.663  62.638  -59.40  -44.40 GLU  1959 246
CA   33.434   5.337  68.428 -155.10  152.10 SER  1003 126
CA   33.399  18.063  70.107 -132.10  130.30 ILE  1886 236
CA   41.591  11.436  63.936 -152.20  151.30 ARG  1015 128
CA   35.114   4.843  68.962  -64.50  -39.00 ARG  1993 250
CA   33.009  19.381  68.882 -126.80  121.70 ARG  1868 234
CA   41.145  11.690  62.731  -64.50  -39.00 ARG  1993 250
CA   33.627   6.954  68.363 -152.20  151.30 ARG  1015 128
CA   33.800  17.421  68.446 -111.80  127.00 VAL  1879 235
CA   41.153  12.261  64.264 -129.80  107.00 ARG  2315 290
CA   34.868   4.206  69.127  -64.50  -36.20 MET  2771 350
CA   33.638  19.008  68.302 -101.70  106.00 ASP  2640 333
CA   40.752  10.608  63.583  -87.10  110.50 LYS  2360 296
CA   35.090   4.567  67.505 -101.70  106.00 ASP  2640 333
CA   32.752  19.726  69.394  -64.50  -39.00 LEU  2821 357
CA   41.761  11.885  63.751  -79.20  123.40 VAL    35   4
CA   33.670   4.630  69.812 -112.40  157.90 ALA   203  25
CA   34.097  18.428  69.056  -64.00  -37.30 LYS   270  34
CA   42.639  11.228  63.235 -121.10  130.90 TYR    93  12
CA   34.341   5.158  68.804  -64.00  -37.30 LYS   270  34
CA   32.221  18.811  69.295 -112.40  157.90 ALA   203  25
CA   42.260  10.814  63.483 -131.60  121.80 TYR   113  14
CA   34.659   4.726  68.565  -64.00  -37.30 LYS   270  34
CA   32.155  18.784  70.173  -99.20  117.00 LYS   352  45
CA   42.606  10.346  62.998 -131.60  121.80 TYR   113  14
CA   34.632   6.958  68.408  -60.70  -46.10 ALA   301  38
CA   31.837  17.002  70.074  -99.20  117.00 LYS   352  45
CA   40.290  11.422  63.053  -95.40  126.20 VAL   216  27
CA   33.926   5.430  68.222  -98.10  175.70 CYS  1295 170
CA   33.376  18.258  69.497  -71.90  -10.70 ASP   456  57
CA   41.260  11.079  63.786  -78.80  133.70 ARG  1265 167
CA   35.187   5.318  68.722  -62.60  -40.40 GLU  1655 216
CA   32.771  17.690  68.958 -121.20  125.70 LEU  1026 135
CA   40.758  11.374  63.110  -62.60  -40.40 GLU  1655 216
CA   34.360   5.951  68.017  -78.80  133.70 ARG  1265 167
CA   32.748  17.593  69.321 -108.30  168.40 PHE  1034 136
CA   42.890  10.293  62.899  -92.50  102.30 LEU  5916 287
CA   33.553   6.045  69.774 -127.80  140.50 SER  5616 247
CA   32.142  18.764  70.458  -68.30  -33.40 VAL  5518 234
CA   40.927  12.357  63.004  -86.50  135.10 LEU  7309 461
CA   34.478   4.622  68.207  -61.90  -44.50 THR  7562 491
CA   32.708  19.416  69.422 -103.30  128.40 LYS  6491 361
CA   40.440  11.335  64.392 -152.70  144.90 LEU  6515 364
CA   34.715   3.721  67.795  -86.40  107.50 ARG  7325 463
CA   33.208  20.374  69.092  -63.50  -48.30 ASP  6558 369
CA   41.568  11.192  64.072 -138.90  163.70 SER  1473 189
CA   33.938   5.180  69.360 -121.30  118.90 VAL   284  36
CA   32.692  19.220  70.117  -66.10  -17.00 GLY   825 108
CA   42.958  11.398  62.690 -168.30  160.10 SER  1264 164
CA   33.552   4.676  69.101  -66.10  -17.00 GLY   825 108
CA   32.770  17.992  70.463 -138.90  163.70 SER  1473 189
CA   42.144  11.786  61.818  -91.30  152.20 GLY   508  66
CA   33.705   4.916  69.009  -66.10  -37.50 ASN   558  73
CA   31.711  18.735  69.879 -113.20  150.10 ALA    22   2
CA   42.318  10.997  63.296 -111.00  108.10 LEU   639  83
CA   33.609   6.079  69.756 -135.70  134.40 HIS   225  28
CA   32.935  18.083  69.688  -62.50  -35.00 ARG   166  21
CA   42.811   9.925  63.013 -113.30  137.00 ALA   282  38
CA   34.213   5.052  69.519 -127.60  160.00 TRP  1264 166
CA   30.961  19.726  70.986  -70.60  -35.70 GLN   934 124
CA   41.256  11.727  62.700 -127.60  160.00 TRP  1264 166
CA   34.317   5.553  68.381  -65.10  -45.30 LEU   909 121
CA   33.359  18.289  69.489  -71.40  143.00 HIS   624  84
CA   41.485  11.917  62.848  -65.40  153.60 ASP  1432 186
CA   33.994   6.325  68.323  -62.20  -34.00 ASP   837 112
CA   32.394  17.900  69.714  -79.60   98.40 PRO   806 108
CA   41.583  11.292  63.599  -97.70  163.70 PRO  1084 143
CA   34.162   4.504  69.301 -133.00  148.10 PHE  1402 183
CA   32.813  18.403  69.292  -63.80  -30.60 LYS  1600 207
CA   40.839  12.104  63.383  -60.30  -44.00 GLU  1574 204
CA   35.717   3.836  68.191 -117.90  111.70 ILE  1639 212
CA   33.282  19.641  69.784 -139.40  142.00 TYR  1252 165
CA   40.000  11.760  63.658 -127.60  160.00 TRP  1264 166
CA   33.603   5.726  68.796  -60.30  -44.00 GLU  1574 204
CA   32.908  18.062  68.441 -150.70  157.10 ALA  1392 181
CA   42.618  11.783  63.063 -146.10  128.10 LYS  1278 167
CA   33.880   6.283  68.590  -60.30  -44.00 GLU  1574 204
CA   32.132  16.900  69.986 -117.90  111.70 ILE  1639 212
CA   42.101  10.461  63.490 -149.50  148.60 SER    97  15
CA   34.106   5.098  69.504 -123.20  139.00 THR   737  94
CA   33.174  19.104  69.863  -58.10  -45.40 LYS  1478 191
CA   42.169  12.047  63.370  -69.80  136.80 TYR   331  46
CA   34.542   3.623  68.711  -57.90  -43.80 LYS  1448 187
CA   32.633  19.549  68.784 -123.20  139.00 THR   737  94
CA   42.294  10.754  63.344 -161.50  138.30 ASN   772 100
CA   34.433   5.637  68.535  -70.90  -40.60 GLU  1267 163
CA   32.039  18.420  69.501  -89.90  125.90 THR    51   7
CA   41.883  11.308  63.794 -159.40  141.10 ASN    75  10
CA   35.011   5.388  68.611  -59.70  -39.90 PHE   538  72
CA   32.708  18.799  68.937 -115.30  134.40 VAL   477  63
CA   42.321  10.554  63.483 -159.40  141.10 ASN    75  10
CA   34.483   6.011  68.320  -59.70  -39.90 PHE   538  72
CA   31.913  18.390  69.568 -147.70  133.90 LYS   746  97
CA   42.119  11.429  63.613 -117.00  127.00 VAL    91  12
CA   34.989   4.764  68.824  -66.40  -46.00 ALA   572  76
CA   32.668  19.289  68.941  -73.90  151.00 LYS   460  61
CA   42.128  11.096  63.538 -117.00  127.00 VAL    91  12
CA   34.597   4.611  68.402  -66.40  -46.00 ALA   572  76
CA   32.614  19.430  69.469   49.20   52.00 ASP   727  95
CA   42.174  10.471  63.044 -108.30  109.40 ASN   118  16
CA   33.806   5.260  69.448 -119.00  113.40 LEU   418  55
CA   31.868  18.237  69.544  -57.80  -47.80 ILE   630  83
CA   40.213  11.740  62.955 -146.90  170.50 THR   399  52
CA   35.177   4.616  68.522  -67.20  -39.50 LYS   593  79
CA   33.828  18.581  67.937  -99.90  128.80 ILE   328  44
CA   42.318  11.116  63.439 -132.60  130.90 THR   406  53
CA   34.424   4.807  68.335  -67.20  -39.50 LYS   593  79
CA   32.091  19.154  69.134  -73.90  151.00 LYS   460  61
CA   42.185  11.295  63.523 -161.50  138.30 ASN   772 100
CA   34.838   5.675  68.940  -70.90  -40.60 GLU  1267 163
CA   32.811  18.593  69.037 -115.10  136.40 VAL  1200 154
CA   42.383  11.587  63.337 -109.50  126.40 VAL  1121 144
CA   34.338   4.185  68.473  -65.40  -38.70 ASN  1329 170
CA   32.285  19.463  69.028  -82.90  139.50 LYS  1183 152
CA   41.082  12.806  62.879 -115.50  128.40 ILE    27   4
CA   34.902   3.582  68.014 -109.40  117.60 LEU   614  72
CA   33.037  19.905  69.133  -54.70  -34.50 GLN   755  89
CA   42.507  11.253  63.036  -86.30  142.30 HIS    68   8
CA   33.401   4.638  69.640 -116.00  126.50 VAL  1050 124
CA   33.269  19.063  69.276  -54.10  -48.90 ARG   929 108
CA   42.295  10.985  63.498  -93.80  153.00 GLY   275  32
CA   33.973   4.637  69.615 -163.80  161.20 ALA   799  94
CA   32.847  19.551  69.595  -70.00  -33.20 LEU   697  82
CA   41.956  10.809  63.320 -102.40  125.30 THR  2529  58
CA   35.256   4.769  68.249  -86.90  -28.70 LYS  3746 217
CA   32.311  19.591  68.979  -90.00  135.40 THR  2618  69
CA   42.203  12.704  62.087 -154.20  161.20 ALA  2731  83
CA   33.779   4.446  69.299  -64.90  -20.90 MET  3654 205
CA   32.208  19.357  69.368 -101.10  132.80 VAL  4920 372
CA   41.869  11.846  62.720  -68.60  -35.40 ALA  3352 167
CA   35.520   1.894  68.845 -164.30  154.10 TYR  4176 277
CA   32.237  21.711  70.175 -102.80  137.60 HIS  3475 183
CA   41.297  12.380  63.872  -71.40  154.80 CYS  3831 228
CA   35.359   5.294  68.480  -73.00  -41.90 MET  3887 238
CA   33.288  19.112  69.471 -115.30  142.50 ASP  4507 321
CA   41.920  12.006  62.529 -115.30  142.50 ASP  4507 321
CA   33.666   5.608  68.164  -71.40  154.80 CYS  3831 228
CA   32.509  18.624  69.918  -64.10  -32.50 PRO  4108 268
CA   42.645  10.558  62.974  -71.40  154.80 CYS  3831 228
CA   33.825   6.117  69.553 -115.30  142.50 ASP  4507 321
CA   32.298  18.491  69.507  -64.50  -35.70 GLN  4421 310
CA   40.823  12.239  63.940 -118.70   99.30 VAL  1088 136
CA   34.938   5.941  67.800  -97.20  -33.30 VAL  1264 158
CA   32.644  18.780  69.524 -112.40  117.40 VAL    32   4
CA   42.544  10.279  62.430  -67.20  -23.30 ASP   679  91
CA   33.839   6.980  69.027 -137.20  157.60 TYR   756 101
CA   31.430  18.297  69.780 -151.10  172.50 HIS   573  77
CA   41.017  10.730  63.603 -149.10  131.70 PHE  1019 136
CA   34.529   6.711  68.042 -155.50  151.10 ALA   583  78
CA   33.269  18.377  69.662  -67.20  -23.30 ASP   679  91
CA   42.227  11.073  63.215 -143.30  142.80 GLU  1355 169
CA   34.140   5.517  69.646  -63.40  -45.00 TRP   137  16
CA   32.358  17.727  69.564 -161.50  162.30 GLY  1306 162
CA   42.052  11.385  63.674 -134.60  164.90 CYS  1564 195
CA   35.020   4.111  68.656  -60.70  -47.50 ALA   891 109
CA   32.402  19.558  69.083 -156.80  149.20 LYS  1481 184
CA   41.789  12.068  63.807 -134.60  164.90 CYS  1564 195
CA   34.503   5.127  68.899  -60.70  -47.50 ALA   891 109
CA   34.649  17.255  69.453 -132.60  127.30 VAL  1490 185
CA   41.901  11.277  62.918  -82.00  124.30 HIS  1456 181
CA   33.421   4.871  69.420  -82.10  -34.50 GLN   947 116
CA   32.844  18.989  68.813 -106.10  124.60 GLN  1578 197
CA   41.538  12.478  63.361 -161.00  159.50 ALA  2841 355
CA   34.002   5.740  67.964 -127.70  149.60 SER  2640 328
CA   33.303  18.232  70.003  -62.10  -46.60 TRP  1750 219
CA   41.315  10.861  63.664 -178.50 -173.70 GLY  2837 354
CA   34.494   5.114  68.885  -93.20  133.60 GLU  2933 368
CA   33.717  18.027  69.861  -92.30  -23.30 ASN  1785 223
CA   40.450  10.377  63.157  -63.80  -23.30 GLU  2368 295
CA   35.525   3.932  68.984  -90.60  122.50 TRP  2329 290
CA   33.208  20.722  69.063 -140.70  137.00 LYS  2997 376
CA   43.980  10.230  61.957 -140.70  137.00 LYS  2997 376
CA   33.037   5.173  68.958  -63.80  -23.30 GLU  2368 295
CA   30.821  19.052  69.987 -103.30  120.40 VAL  3151 394
CA   42.849  12.137  63.111 -103.30  120.40 VAL  3151 394
CA   33.868   3.787  70.055  -63.80  -23.30 GLU  2368 295
CA   32.496  19.041  69.468  -92.90  125.20 HIS  3018 378
CA   42.500  12.735  62.957 -103.30  120.40 VAL  3151 394
CA   33.815   2.469  69.208  -69.30  -34.30 ASP  2480 309
CA   32.720  19.985  69.816  -92.90  125.20 HIS  3018 378
CA   42.396  12.014  63.388 -119.80  144.40 ASP    10   1
CA   33.748   4.306  68.815  -65.70  -45.50 ASN   777  94
CA   32.489  18.642  68.898 -134.60  132.40 SER   402  47
CA   41.923  11.301  63.586 -111.00  143.40 ASP    29   3
CA   34.617   2.734  68.286  -61.90  -41.90 ASP   814  98
CA   32.203  20.387  69.119  -97.80  148.70 HIS   383  45
CA   41.662  11.690  63.180 -111.00  143.40 ASP    29   3
CA   33.918   3.922  68.522  -61.90  -41.90 ASP   814  98
CA   34.376  19.269  68.592 -107.30  122.80 CYS   514  62
CA   41.410  10.681  63.521 -103.10  106.10 LYS   474  56
CA   34.455   4.868  68.427  -69.90  -40.50 LYS   124  15
CA   32.355  18.820  68.759 -102.90  125.40 MET   408  48
CA   40.929  11.370  63.895 -111.30  155.40 VAL   416  49
CA   34.172   5.913  68.285 -149.40  131.30 LEU   647  77
CA   33.894  18.517  69.298  -59.90  -37.90 ARG   750  91
CA   41.817  10.996  63.770  170.60  176.30 GLY   502  60
CA   34.814   4.216  68.491  -62.70  -36.00 LYS   785  95
CA   32.339  19.739  69.266 -108.20  133.80 GLU   615  73
CA   43.227  11.621  62.574 -107.30  122.80 CYS   514  62
CA   33.880   5.246  69.326  -65.30  -44.30 HIS   822  99
CA   32.155  17.712  69.139 -137.90  159.60 PHE   599  71
CA   41.862  12.019  63.849 -116.20  138.10 LEU   904 108
CA   34.277   3.066  68.116  -67.70  -44.90 LYS  1132 135
CA   32.527  20.499  68.957  -99.50  116.70 THR  1233 147
CA   43.018  11.162  62.325 -113.40  115.10 CYS   876 114
CA   33.778   4.061  68.913  -63.10  -50.60 PHE   150  21
CA   31.870  18.839  70.176 -131.40  154.80 ARG   357  46
CA   42.160  10.538  63.623 -162.30  168.30 GLU   801 104
CA   35.264   5.361  68.936  -66.70  -42.90 LEU   573  73
CA   31.936  19.286  69.551 -155.10  165.10 ALA   721  92
CA   41.628  11.303  63.956 -162.30  168.30 GLU   801 104
CA   34.930   5.663  69.048  -66.70  -42.90 LEU   573  73
CA   34.075  16.988  69.799 -132.90  144.10 MET   726  93
CA   42.000  11.594  63.638 -106.30  125.40 GLU  1253 157
CA   34.895   5.166  69.087  -64.30  -40.80 LEU  1884 238
CA   32.853  18.927  68.952 -115.80  112.70 ARG  1769 224
CA   40.174  11.583  63.369 -119.20  144.60 PHE  1545 195
CA   34.898   3.529  69.109  -65.90  -42.20 LYS  1406 176
CA   33.700  19.214  67.985 -126.80  140.90 LEU  1659 211
CA   42.220  10.621  63.375 -126.90  115.30 ARG  1803 228
CA   34.563   5.890  69.411  -66.10  -27.70 THR  1844 233
CA   32.132  18.569  69.309 -111.00  120.10 GLN  1632 207
CA   43.284  12.254  62.345  -76.50  133.90 GLY  1649 209
CA   33.329   5.591  69.142  -65.70  -41.40 ARG  1873 237
CA   32.195  17.587  69.224 -125.50  124.10 THR  1788 226
CA   43.241  12.641  62.358 -126.80  140.90 LEU  1659 211
CA   33.427   4.455  69.244  -61.90  -49.60 LEU  1907 241
CA   32.348  18.435  69.106 -115.80  112.70 ARG  1769 224
CA   42.277  10.567  63.563 -124.40  135.90 LEU   846 109
CA   33.886   5.431  69.361 -106.20  130.30 ILE   697  90
CA   32.549  19.285  69.829  -57.80  -45.40 ARG   250  32
CA   42.430  11.914  63.350 -112.00  117.20 GLU    38   5
CA   33.211   5.261  68.920 -100.50  130.30 PHE   217  27
CA   33.736  18.671  68.784  -81.20  -13.90 ASP    78  10
CA   41.760  13.378  63.045  -86.30 -175.70 ASP   766  96
CA   33.400   2.940  68.561 -123.60  109.10 VAL   228  28
CA   33.450  20.332  69.782  -59.60  -47.00 LYS   283  34
CA   41.605  11.316  62.522  -59.60  -47.00 LYS   283  34
CA   34.613   5.006  69.457  -88.60  111.50 HIS   246  30
CA   33.526  18.880  68.871  -86.30 -175.70 ASP   766  96
CA   39.334  11.442  63.910 -136.40  152.00 THR   465  59
CA   35.453   4.970  68.291  -60.00  -46.20 TYR  1877 241
CA   32.878  18.514  68.918 -126.70  145.10 THR  1730 221
CA   42.024  12.061  63.839  -78.10  157.00 PRO  2051 261
CA   34.125   4.082  69.319  -95.90  131.90 ALA  1709 218
CA   32.831  19.857  69.117  -60.10  152.10 PRO   683  86
CA   41.756  12.445  62.689  -95.90  131.90 ALA  1709 218
CA   33.352   5.403  68.677  -78.10  157.00 PRO  2051 261
CA   33.180  18.766  69.563   55.60   33.80 SER   706  89
CA   41.376  10.978  64.051 -113.90  124.90 ILE   756  96
CA   35.275   5.755  69.085  -67.60  -40.90 GLU  1526 194
CA   32.718  18.503  68.873 -142.40  138.10 VAL  1467 187
CA   41.891  10.110  63.435 -113.90  124.90 ILE   756  96
CA   35.005   6.450  68.822  -67.60  -40.90 GLU  1526 194
CA   31.875  18.060  69.672 -135.70  142.10 GLU  1634 208
CA   40.393  11.740  63.110  -60.30  146.50 PRO   149  18
CA   34.355   5.307  68.735  -66.40  -43.60 ASP   481  63
CA   33.178  18.142  68.395  -84.90  122.50 GLN   245  30
CA   41.280  11.801  62.580 -113.70  154.00 LEU   609  79
CA   34.358   1.901  68.276 -120.00  113.30 ALA  1347 179
CA   33.192  21.337  69.306  -82.30   -1.40 ASP   661  86
CA   40.741  10.554  64.382 -145.20  166.80 GLU   355  42
CA   35.342   3.187  68.903  -81.60  134.80 ARG    11   1
CA   32.819  20.908  69.752  -84.70  -47.10 LYS   250  31
CA   41.875  11.374  63.106 -145.20  166.80 GLU   355  42
CA   33.983   3.025  68.623  -97.90  150.60 GLN   115  14
CA   32.874  19.916  69.803  -84.70  -47.10 LYS   250  31
CA   42.111  11.006  63.396  135.10 -153.70 GLY    27   3
CA   34.410   5.348  69.109  -61.20  -49.10 LEU   304  37
CA   32.678  18.115  68.851 -126.00  141.00 LEU   147  18
CA   42.268  11.416  63.533 -101.20  106.80 ILE    39   5
CA   34.670   5.948  68.821  -64.10  -40.70 LEU   334  41
CA   32.623  17.929  68.925 -142.30  149.80 GLY   136  16
CA   42.316  11.005  63.726 -126.00  141.00 LEU   147  18
CA   34.488   5.269  69.328  -65.50  -38.50 ASP   326  40
CA   32.162  19.193  69.592 -136.00  134.70 VAL  1057 130
CA   42.936  11.214  61.670  -65.50  -38.50 ASP   326  40
CA   32.974   4.692  69.257 -136.00  134.70 VAL  1057 130
CA   32.046  19.366  70.773 -102.20  117.70 VAL   818 100
CA   43.409  11.423  62.610  -83.00  150.90 LYS   925 113
CA   33.489   5.164  68.751  -65.50  -38.50 ASP   326  40
CA   32.974  19.258  69.418 -136.00  134.70 VAL  1057 130
CA   41.091  10.318  62.791  -83.00  150.90 LYS   925 113
CA   34.681   4.930  69.262 -102.20  117.70 VAL   818 100
CA   32.545  19.878  69.989  -66.40  -44.50 MET   347  43
CA   42.395  11.460  63.489  -56.00  -52.50 HIS   359  44
CA   33.358   6.039  69.195 -102.20  117.70 VAL   818 100
CA   32.095  17.976  69.824 -171.70  163.30 ARG  1082 133
CA   42.028  11.851  63.175  -59.60  -44.50 LEU   959 117
CA   34.078   5.047  67.991 -136.00  134.70 VAL  1057 130
CA   31.796  19.521  69.940 -102.20  117.70 VAL   818 100
CA   41.272  11.115  64.328 -127.30  150.50 ARG   114  15
CA   34.736   3.987  68.173  -63.20  -39.80 GLU   494  63
CA   32.437  19.374  69.358 -120.40  122.50 VAL   366  47
CA   42.029   9.401  63.322 -121.40  150.90 MET  1060 138
CA   35.718   4.401  68.202  -70.20  -39.30 ASP  1187 154
CA   32.054  21.094  70.982 -120.70  144.90 ILE   787 101
CA   41.275  10.464  63.666 -121.40  150.90 MET  1060 138
CA   35.240   4.984  68.377  -70.20  -39.30 ASP  1187 154
CA   32.629  19.358  68.947  -82.60  122.80 ALA   975 127
CA   42.171  11.379  63.575 -123.40  130.30 GLU  1040 136
CA   34.160   4.497  68.375  -62.80  -44.50 GLU  1423 184
CA   32.267  18.635  69.360  -97.90  125.20 ASP   988 129
CA   42.447  10.979  63.536  -71.70  137.90 LEU  1160 151
CA   34.020   5.674  68.952  -97.90  125.20 ASP   988 129
CA   32.335  19.761  70.734  -62.80  -44.50 GLU  1423 184
CA   41.253  11.117  64.309 -135.50  159.60 ALA   996 130
CA   34.362   6.267  69.477 -123.40  130.30 GLU  1040 136
CA   32.652  17.735  69.137  -62.80  -44.50 GLU  1423 184
CA   42.324  10.484  61.943  -71.70  137.90 LEU  1160 151
CA   33.913   5.332  68.424  -64.20  -41.60 PHE  1459 188
CA   31.692  19.135  70.482 -101.00  103.10 LEU  1298 168
CA   42.203  10.740  63.730  -90.30  124.00 THR    52   5
CA   34.404   3.665  69.174  -94.50  116.80 LEU   217  23
CA   32.334  21.025  69.677  -68.30  -47.40 THR   608  64
CA   42.198  11.542  61.777 -125.30  131.80 VAL   209  22
CA   34.064   4.079  69.967 -144.60  147.00 ALA   725  76
CA   32.073  20.269  69.796  -72.90  -33.40 SER   955 100
CA   42.709  11.320  62.978  -87.10  126.50 GLN   802  84
CA   33.720   5.351  68.660  -54.40  -39.50 LYS   647  68
CA   32.321  18.437  69.027 -124.10  140.70 LEU   731  77
CA   42.505  11.797  63.182  -77.80  -40.30 LEU   823  86
CA   33.599   3.563  69.276  -72.90  -33.40 SER   955 100
CA   32.503  19.832  68.833 -144.60  147.00 ALA   725  76
CA   40.196  11.716  63.468 -164.60  168.60 ASP   832  87
CA   34.041   3.244  68.914  -72.90  -33.40 SER   955 100
CA   33.559  19.519  67.919 -144.60  147.00 ALA   725  76
CA   41.075  11.365  62.827  -77.80  -40.30 LEU   823  86
CA   33.793   5.657  68.379 -124.10  140.70 LEU   731  77
CA   32.572  19.279  69.851  -72.90  -33.40 SER   955 100
CA   41.728  10.620  62.189 -107.10  156.60 ASP   428  41
CA   34.348   4.883  68.608  -73.40  -21.20 GLN    77   7
CA   31.788  19.078  70.309  -70.50  153.90 SER   285  27
CA   41.798  11.016  62.911 -107.10  156.60 ASP   428  41
CA   34.622   4.955  69.264  -73.40  -21.20 GLN    77   7
CA   32.920  18.989  69.065  -95.90  130.30 VAL   528  53
CA   41.986   9.021  62.821 -133.60  147.90 GLU   138  12
CA   35.033   6.525  68.351  -66.80  -37.40 GLU   318  30
CA   30.983  18.590  69.951 -107.10  156.60 ASP   428  41
CA   40.621  10.778  63.704 -121.60  138.50 ARG   543  55
CA   35.400   4.152  67.940  -83.10  101.90 GLN   237  22
CA   32.852  19.999  68.942  -66.80  -45.30 GLU   343  33
CA   40.988  10.371  63.783 -121.60  138.50 ARG   543  55
CA   35.828   3.704  68.029  -83.10  101.90 GLN   237  22
CA   32.384  20.549  69.206  -65.70  -24.00 ARG   374  37
CA   42.113  11.303  63.801 -154.60  160.30 SER   141  18
CA   34.020   4.724  68.150  -61.60  -39.60 ILE   422  55
CA   32.310  19.627  68.985 -117.90  135.20 GLU   243  32
CA   42.065   9.511  63.591 -116.90  122.30 THR   517  65
CA   35.073   5.849  69.098  -93.10  132.60 GLN    10   1
CA   31.082  19.929  70.361  -70.90  -37.90 ASN   189  24
CA   41.255  10.309  63.520 -112.80  128.10 THR    89  11
CA   35.394   4.927  68.301 -104.80  129.20 HIS   532  67
CA   32.928  19.316  70.425  -63.90  -42.30 LYS   218  28
CA   42.203  11.724  63.213 -128.40  107.60 ARG   322  41
CA   34.214   3.198  69.608  -70.90  -37.90 ASN   189  24
CA   32.620  19.689  68.899 -116.90  122.30 THR   517  65
CA   41.403   9.861  63.858 -103.40  166.00 THR   427  54
CA   35.814   4.228  68.078  -70.90  -37.90 ASN   189  24
CA   32.323  20.237  70.632 -116.90  122.30 THR   517  65
CA   42.912   9.859  62.940  -75.80  136.70 MET   654  81
CA   33.901   5.929  69.394 -118.90  112.60 MET   440  54
CA   31.645  18.982  70.712  -63.60  -37.50 ASP    31   4
CA   42.027  11.499  63.596 -159.10  158.60 ALA   548  67
CA   34.899   4.671  67.986  -66.90  -40.90 ILE    39   5
CA   32.363  19.513  69.116  -98.80  133.50 ASN   418  52
CA   42.191  10.651  63.630  -89.40  140.80 LEU   166  21
CA   34.164   4.091  69.240  -93.20  121.70 LEU   448  55
CA   33.079  20.345  69.563  -59.40  -38.60 GLU   231  29
CA   40.919  12.572  63.875 -124.10  119.10 LYS   645  80
CA   33.859   3.228  68.495  -75.70  -46.00 VAL   240  30
CA   33.679  19.563  67.774  -61.80  132.20 PRO   527  65
CA   41.962  11.546  63.072 -108.10  121.00 LEU  1129 141
CA   34.338   3.889  68.975  -51.30  -46.10 THR    66   8
CA   33.886  19.212  68.481 -118.00  134.50 MET  1953 248
CA   41.556  11.699  63.308 -147.10  132.60 TYR  2532 323
CA   34.957   4.516  68.256  -51.30  -46.10 THR    66   8
CA   32.100  19.492  69.929 -118.00  134.50 MET  1953 248
CA   42.443  11.047  63.460 -124.70  129.10 LEU    31   4
CA   33.793   6.042  68.566 -104.80  -21.50 LEU   297  39
CA   32.252  18.850  69.094 -115.00  141.50 ALA  2138 271
CA   42.603  10.263  63.290  -87.30  114.20 MET  1057 132
CA   34.178   3.726  69.438 -161.70  156.40 ALA  1689 213
CA   32.265  21.266  70.358  -57.30  -38.20 CYS  1564 197
CA   42.547  10.392  63.095  -87.30  114.20 MET  1057 132
CA   33.965   4.446  69.616 -161.70  156.40 ALA  1689 213
CA   32.390  20.152  70.188  -96.60  -36.60 GLN  1594 201
CA   41.401  10.254  62.729  -72.00  130.50 LEU   467  56
CA   35.007   4.814  69.175 -117.30  129.20 VAL   353  43
CA   32.827  19.837  70.259  -67.60  -41.20 GLU   232  28
CA   42.530  12.852  62.887  -71.10  139.80 PRO   407  40
CA   33.940   4.095  69.639  -67.80  -39.40 LYS   680  67
CA   32.911  19.264  69.057  -92.80  129.00 ILE   475  47
CA   41.882  12.123  63.099 -148.40  146.00 ALA  1077 107
CA   34.210   4.660  68.479  -59.30  -32.40 ALA   563  56
CA   32.615  18.618  70.077 -135.70  130.80 ARG   849  85
CA   40.678  12.317  64.698  -72.40  144.70 LEU   840  84
CA   34.266   4.039  68.551  -90.10  -12.20 LYS  1195 119
CA   33.383  18.295  69.455 -108.40  126.00 ASP  1091 109
CA   41.941  10.501  63.782 -174.40  164.80 HIS  1422 142
CA   35.284   5.860  68.516  -62.40  -43.70 LEU  1236 123
CA   32.174  18.814  69.415 -154.50  131.30 TRP  1333 134
CA   42.158  10.872  63.380  -96.70  121.90 ARG    70  10
CA   33.751   6.133  69.749 -102.40  137.90 ALA   286  37
CA   32.411  17.808  69.876  -80.80  -13.00 ALA   409  54
CA   41.213  10.448  63.858 -131.40  158.00 GLY   270  35
CA   35.319   5.116  68.661  -80.80  -13.00 ALA   409  54
CA   32.266  19.023  69.322 -101.10  147.60 GLN   164  22
CA   41.937  11.245  62.930  -68.50   -8.50 GLU  3401 438
CA   35.576   4.133  68.907  -71.60  136.80 VAL  3607 464
CA   33.180  20.537  68.855  -73.10  121.50 ALA  2940 379
CA   41.186  12.484  64.363  -93.50  148.10 ARG   728  87
CA   34.273   3.398  68.317  -59.30  -45.70 ASP   643  77
CA   34.352  20.049  69.108  -70.80  157.00 LEU  1077 131
CA   41.916  10.207  63.380  119.70 -155.20 GLY  1055 128
CA   34.788   3.803  68.495  -67.50  -37.80 GLU   907 109
CA   31.805  20.513  69.646 -123.30  131.90 VAL   739  88
CA   42.907  10.598  62.225  119.70 -155.20 GLY  1055 128
CA   34.129   5.229  69.153  -65.50  -41.60 GLU   944 113
CA   31.818  18.823  69.781 -123.30  131.90 VAL   739  88
CA   42.235  12.224  62.766  -71.40  -17.80 ALA   247  33
CA   32.963   4.879  69.279 -102.70  137.50 ALA   573  79
CA   33.705  18.335  68.378 -101.60  154.20 PHE   454  62
CA   42.953  10.541  63.189  -72.50  148.00 LEU   322  43
CA   34.080   5.144  69.415  -62.10  127.00 ARG  1076 140
CA   31.979  19.864  69.795  -67.80  -43.20 SER  1229 159
CA   42.847   9.921  62.198  -92.20   97.80 GLU   626  85
CA   34.617   6.066  68.872  -66.00  -20.30 SER   661  89
CA   31.548  17.847  69.921  -53.70  145.80 GLY   406  55
CA   41.339  10.167  63.015 -159.80  150.10 PHE   703  96
CA   34.152   6.039  69.436  -69.30  144.40 LYS   410  56
CA   32.051  18.019  70.138  -67.80  -43.20 SER  1229 159
CA   42.016  12.298  63.843 -107.70  133.10 VAL   419  57
CA   33.680   4.991  68.932  -66.00  -20.30 SER   661  89
CA   34.187  18.696  68.880 -107.10  146.30 PHE   615  84
CA   41.023  12.131  64.599  -70.20  133.30 PRO   687  93
CA   34.966   4.663  68.629  -64.20  -24.70 PRO  1207 156
CA   33.394  19.036  68.986 -129.60  145.30 PHE  1095 142
CA   42.470  11.562  62.441 -126.40    3.90 GLY   694  94
CA   34.129   4.255  69.591  -67.80  -43.20 SER  1229 159
CA   32.341  19.020  69.397  -62.10  127.00 ARG  1076 140
CA   41.227  11.482  63.991   42.00   64.40 ASN   963 127
CA   34.700   5.305  69.157 -132.80  162.70 PHE   796 106
CA   33.054  17.411  68.955  -37.40  -53.50 ARG  1889 241
CA   41.425  11.889  63.765 -121.10  135.40 VAL  3662 466
CA   34.820   5.291  68.386  -85.90  -11.10 SER  3033 386
CA   33.666  18.197  68.103  -76.30  134.60 PRO  3511 444
CA   41.364  10.463  64.388  -93.70  107.40 ALA  3390 429
CA   35.524   4.862  67.333  -61.60  -38.10 TYR  3797 484
CA   32.450  19.585  68.918 -153.70  148.00 MET  3183 405
CA   42.526  11.453  62.257 -141.40  125.30 ARG  3402 431
CA   33.271   3.491  69.347 -134.10  134.70 LYS  3502 443
CA   32.896  20.999  69.883  -62.10  -42.10 ILE  3740 477
CA   42.332  10.325  62.476 -141.40  125.30 ARG  3402 431
CA   34.404   5.603  68.384 -119.10  -11.20 VAL  3518 445
CA   32.542  19.421  70.443  -62.10  -42.10 ILE  3740 477
CA   41.309  12.493  62.573 -167.00  163.60 PHE   596  80
CA   34.738   3.847  67.969 -116.30  105.30 VAL   824 109
CA   32.779  20.209  69.408  -69.80  -40.10 LYS   124  18
CA   42.006  11.674  63.834 -145.40  156.00 GLN   382  49
CA   34.143   5.439  68.129  -63.30  -39.10 MET   467  60
CA   32.254  18.997  69.017  -89.50  130.80 LEU    35   5
CA   41.459  10.436  63.706  -89.50  130.80 LEU    35   5
CA   35.522   6.142  68.618  -59.40  -42.80 VAL   439  57
CA   32.865  19.363  69.671   50.90   42.80 ASN   641  81
CA   42.548  12.025  62.747  -89.50  130.80 LEU    35   5
CA   34.168   3.738  69.766  -63.30  -39.10 MET   467  60
CA   33.159  19.536  69.423   50.90   42.80 ASN   641  81
CA   42.134  10.913  63.509  -85.60  128.20 ARG  2524 127
CA   33.740   5.986  69.640  -84.40  111.60 HIS  2954 180
CA   32.404  17.894  69.951  -89.00   -3.40 TYR  3146 206
CA   42.257  11.822  62.430  -58.20  -18.90 TYR  2667 144
CA   33.064   5.309  69.076  -95.50   98.80 ASP  3106 201
CA   33.373  18.436  68.546 -113.10  142.90 ARG  2542 129
CA   41.501  10.752  64.128  -90.70  130.60 LYS  2971 182
CA   35.495   5.771  68.425  -95.50   98.80 ASP  3106 201
CA   33.115  18.512  70.190  -58.20  -18.90 TYR  2667 144
CA   41.155  10.528  63.960 -118.50  168.00 THR  2935 178
CA   35.273   5.191  68.730  -89.00   -3.40 TYR  3146 206
CA   32.339  18.818  69.316 -117.70  132.30 THR  2722 151
CA   41.029  11.658  62.263 -138.90  140.80 HIS   709  86
CA   35.063   4.484  69.472 -131.40  127.30 ILE   318  39
CA   32.338  19.863  69.557  -61.10  -43.80 LEU  1072 126
CA   42.350  10.438  62.676  -95.80  130.60 TYR   749  90
CA   33.738   5.398  69.513 -114.20  147.30 LEU   527  65
CA   32.257  18.077  69.142  -59.20  -44.90 LEU  1270 152
CA   42.473  12.359  63.435 -151.80  135.70 LYS   136  18
CA   33.140   3.292  69.500  -64.50  -39.20 ALA   480  62
CA   32.821  19.747  68.850 -132.80  141.20 ALA   295  39
CA   42.018  11.733  63.606 -138.10  140.90 ILE   287  38
CA   34.817   5.779  68.850  -66.90  -45.50 LYS  1182 153
CA   32.734  17.947  68.852 -163.10  157.50 ALA   145  19
CA   42.514  12.101  63.295  -91.20  130.00 ALA   150  20
CA   33.781   3.639  68.382  -64.60  -40.20 TRP   485  63
CA   32.407  20.219  68.893  172.80  168.90 GLY   283  37
CA   40.502  11.325  63.014  172.80  168.90 GLY   283  37
CA   34.760   5.222  68.861  -64.10  -45.30 HIS  1146 149
CA   33.577  17.917  68.167 -125.30  136.00 LEU   155  21
CA   40.231  11.953  62.922  172.80  168.90 GLY   283  37
CA   34.094   6.065  68.587  -64.10  -45.30 HIS  1146 149
CA   33.010  17.720  68.745 -132.80  147.80 PHE   356  47
CA   41.482  10.056  63.813 -110.90  164.20 TRP  2771 350
CA   35.255   5.918  68.482 -103.30   -5.00 GLU  4348 543
CA   32.044  18.717  69.396 -154.80  160.60 HIS  4570 570
CA   42.971  13.139  62.683  -93.30  131.80 ILE  2793 352
CA   33.616   3.811  69.774  -69.70  -55.10 LEU  4410 550
CA   32.810  18.290  68.789 -142.60  150.70 GLU  4276 534
CA   42.261  11.037  63.668 -142.60  150.70 GLU  4276 534
CA   35.195   5.381  68.605  -61.30  -39.20 ALA  4079 510
CA   32.108  18.336  70.042 -147.90  156.90 HIS  4208 526
CA   42.437  11.240  63.429 -135.00  151.10 GLN   399  49
CA   35.029   5.338  68.888  -59.00  -47.10 TYR   107  15
CA   32.080  18.927  69.440 -135.70  169.80 ASN   248  29
CA   41.979  11.933  63.749 -135.00  151.10 GLN   399  49
CA   34.670   5.713  68.982  -59.00  -47.10 TYR   107  15
CA   34.355  16.681  69.628 -145.50  156.30 CYS   256  30
CA   40.629  10.654  62.887 -103.90  157.70 THR   432  53
CA   36.104   3.628  67.686  -49.70  -40.90 GLN   473  59
CA   31.618  21.469  70.057 -131.60  152.30 ASN   596  74
CA   41.971  11.712  61.912 -103.90  157.70 THR   432  53
CA   34.530   3.623  68.567  -59.60  -49.40 ASP   502  62
CA   31.541  20.375  70.019 -131.60  152.30 ASN   596  74
CA   42.112  11.270  63.273 -108.10  113.80 ILE   380  46
CA   34.482   4.358  69.510  -70.00  -40.00 ILE   143  17
CA   32.601  19.309  68.997 -134.30  149.40 SER   276  33
CA   42.827  10.002  63.264 -105.60  120.60 LYS   282  34
CA   34.275   4.255  69.299 -120.60  129.00 ILE   846 104
CA   31.965  21.095  70.574  -61.10  -44.10 ASP  1429 180
CA   42.717  10.934  61.496 -106.40  112.80 GLN   299  36
CA   34.338   4.813  68.525  -61.10  -44.10 ASP  1429 180
CA   31.083  19.959  70.713 -119.00  129.40 ILE   493  61
CA   41.833  11.125  64.076  -67.50  148.20 PRO   373  45
CA   35.249   3.301  68.447  -61.00  -29.00 VAL  1376 173
CA   32.275  20.712  69.644 -121.10  119.70 LEU   865 106
CA   43.386  11.548  62.595 -113.60  143.20 TYR   388  47
CA   33.624   3.971  69.163  -61.10  -44.10 ASP  1429 180
CA   31.817  19.496  69.858 -119.00  129.40 ILE   493  61
CA   42.453  12.398  63.343 -113.60  143.20 TYR   388  47
CA   34.003   2.845  69.102  -61.10  -44.10 ASP  1429 180
CA   32.548  19.828  68.985 -120.60  129.00 ILE   846 104
CA   42.568  11.893  63.291 -110.80  113.60 SER  2106 265
CA   33.369   4.406  69.507  -60.30  -45.80 THR  2370 298
CA   32.563  19.764  68.930 -133.60  151.90 LEU  1595 200
CA   43.241   9.244  62.100  -63.40  -17.20 ASN   483  60
CA   34.572   4.921  68.004  -91.30  140.60 GLU   509  64
CA   30.312  20.651  70.548 -109.80  128.40 SER   413  52
CA   42.089  11.117  62.745  -64.90  -15.60 SER  1150 143
CA   34.182   4.584  68.223  -91.60  119.40 ASP  1176 147
CA   31.919  19.402  69.232 -129.20  141.60 SER  1097 136
CA   42.345  11.942  63.352  -88.80  123.50 THR    50   6
CA   34.511   4.724  69.282  -63.10  -43.70 ALA   270  33
CA   32.905  18.533  68.726 -140.40  149.80 GLU   154  19
CA   41.392  12.338  64.198 -142.80  174.60 THR   168  20
CA   35.167   5.836  69.261  -88.80  123.50 THR    50   6
CA   33.600  17.915  69.763  -63.10  -43.70 ALA   270  33
CA   40.277  11.654  63.006 -107.00  147.70 TYR    57   7
CA   35.337   4.677  68.745  -63.10  -43.70 ALA   270  33
CA   33.848  18.487  67.958 -140.40  149.80 GLU   154  19
CA   41.546  10.932  64.104 -125.10  129.40 THR   453  55
CA   35.510   4.191  68.069  -61.30  -43.10 ALA   242  30
CA   32.259  20.015  69.269 -110.80  151.00 VAL   372  46
CA   42.506  11.766  63.258 -125.10  129.40 THR   453  55
CA   33.926   3.765  68.986  -63.10  -43.70 ALA   270  33
CA   32.340  19.369  69.109 -110.80  151.00 VAL   372  46
CA   43.887  11.551  62.291 -144.50  166.00 HIS   225  28
CA   33.479   4.775  69.282  -62.50  -44.90 ALA  2663 341
CA   30.833  18.950  70.468 -145.40  163.40 GLU  1072 140
CA   41.785  11.980  62.335 -107.40  136.60 THR   524  68
CA   34.416   4.423  67.983 -126.20  130.50 VAL   706  92
CA   32.657  19.727  69.292   62.40   29.50 GLY   435  57
CA   41.961  10.882  62.504 -140.70  132.00 LEU    26   3
CA   33.672   5.378  68.353 -110.50  120.80 THR   403  51
CA   33.594  18.603  69.725  -54.60  -43.70 TRP  1363 174
CA   41.860  12.767  63.345  -78.70  136.20 TYR   360  46
CA   34.225   4.621  68.847  -61.40  -45.60 ALA   581  75
CA   34.672  17.513  69.420 -103.20  146.80 ARG   450  58
CA   43.213  11.610  62.388 -143.70  151.80 LYS   796 102
CA   33.582   3.573  69.143  -61.80  -35.40 MET  1355 173
CA   31.971  19.600  69.396 -116.00  136.90 ILE   684  87
CA   42.130  10.344  63.687  172.60 -168.60 GLY  1544 166
CA   34.254   6.162  68.127  -61.70  -41.50 PHE   358  39
CA   32.030  18.783  70.159 -107.60  -18.30 THR    44   6
CA   41.576  10.708  62.758  -63.90  -31.80 SER  1342 144
CA   33.609   4.991  68.887 -108.40  138.10 ARG   199  22
CA   32.457  19.165  68.813 -117.90  168.10 ILE   500  55
CA   40.691  11.673  64.430  -63.90  -31.80 SER  1342 144
CA   34.321   2.719  68.032 -108.40  138.10 ARG   199  22
CA   33.604  20.082  69.806 -170.40  167.10 MET   602  64
CA   42.993  11.886  62.802  -86.70  139.70 VAL  1226 131
CA   34.510   3.747  68.750  -60.60  -54.70 ASN   347  38
CA   31.529  19.825  70.486 -114.20  128.40 VAL   225  24
CA   42.091  13.280  63.640  -86.70  139.70 VAL  1226 131
CA   33.891   4.422  68.922  -60.60  -54.70 ASN   347  38
CA   33.089  18.397  69.039  -89.00  137.30 GLY   242  26
CA   41.939  10.484  63.868 -146.90  137.40 LYS  1251 134
CA   34.140   5.504  69.080 -139.50  155.90 PHE  1076 116
CA   32.465  19.544  69.274  -64.40  -45.70 VAL  1313 141
CA   41.362  11.137  64.200  -19.10  -41.20 MET   501  64
CA   33.918   5.138  68.261  -74.10   93.40 MET   767  97
CA   32.577  18.678  69.837 -133.90  128.40 THR   158  21
CA   40.412  10.875  63.782 -138.30  135.40 ASP   306  39
CA   35.683   4.435  68.584 -106.80  135.60 ARG   264  34
CA   32.988  19.026  69.463  -46.50  -50.90 ALA   799 101
CA   42.193  11.867  62.800  -98.30  117.80 LYS   758  96
CA   33.386   4.598  68.736  -56.00  -71.30 HIS   975 123
CA   32.607  18.905  68.397 -161.10  169.10 ALA   704  89
CA   41.270  11.795  63.969  -69.70  152.10 ALA   381  46
CA   34.120   5.189  67.907 -152.50  164.50 LYS   870 109
CA   33.081  18.959  70.159  -65.50  -33.20 LEU   503  61
CA   42.818  11.680  62.501 -153.40  153.10 MET  1476 197
CA   33.457   6.481  68.438  -82.20  111.20 PHE   379  48
CA   32.286  18.010  70.209  -87.40    5.50 ASN   210  25
CA   42.759  11.293  63.209 -118.50  124.80 PHE  1424 175
CA   34.362   5.804  69.040  -65.20  -37.60 VAL   235  28
CA   32.079  17.429  69.620 -140.80  148.50 GLU    10   1
CA   41.973  11.274  63.134 -103.80  121.10 GLY  1443 177
CA   33.463   5.086  69.707 -127.30  121.10 GLU   896 110
CA   32.417  17.733  69.425  -63.40  -44.10 SER   258  31
CA   42.226  11.669  62.039 -127.30  121.10 GLU   896 110
CA   34.371   4.096  67.943 -103.80  121.10 GLY  1443 177
CA   32.233  21.219  69.853  -56.30  -25.80 PRO   461  58
CA   41.331  12.093  63.739  -72.10  152.00 VAL  1254 155
CA   34.989   5.797  67.834  -77.90  -30.50 GLU  1296 160
CA   32.477  18.752  69.158 -111.40  128.70 LEU  1134 141
CA   43.115  11.773  62.801 -152.00  167.70 MET   294  36
CA   33.805   4.932  69.643  -62.90  -45.00 THR   560  70
CA   32.561  18.592  69.184 -146.10  152.80 SER   208  25
CA   41.870  10.367  61.935 -159.60  156.10 ALA   784  97
CA   34.470   6.228  68.418  -62.90  -45.00 THR   560  70
CA   32.653  18.504  69.100 -131.50  130.10 ILE   307  38
CA   42.574  11.766  63.175 -139.40  178.90 GLY   247  26
CA   34.019   4.525  69.444  -63.40  -35.60 HIS  1614 195
CA   32.789  18.616  68.789 -107.40  133.40 SER  1524 183
CA   42.548  12.346  63.241 -128.30  154.50 SER   262  28
CA   34.199   4.284  69.599  -58.90  -51.10 PHE  1647 199
CA   32.964  18.795  68.714  -69.10  130.90 PRO  1509 181
CA   42.888  12.935  62.369 -116.60  122.90 ILE  1378 165
CA   33.161   2.849  69.325  -57.90  -45.90 ARG  1636 198
CA   32.441  19.436  68.889  -69.10  130.90 PRO  1509 181
CA   41.850  10.971  63.776 -136.30  145.90 LYS    14   2
CA   34.591   5.608  68.446 -103.00   -3.40 TYR   477  60
CA   32.878  18.364  68.817 -158.80  145.70 GLU   150  18
CA   42.913  12.428  62.870 -131.60  143.50 PHE   594  73
CA   33.784   3.977  69.938  -76.50  -28.70 LEU   445  56
CA   32.527  18.590  69.168 -136.30  145.90 LYS    14   2
CA   41.546  10.722  63.647 -136.30  145.90 LYS    14   2
CA   34.391   5.085  68.152 -103.00   -3.40 TYR   477  60
CA   32.718  19.563  69.068 -131.60  143.50 PHE   594  73
CA   41.423  11.454  63.544  -67.60   -5.80 SER  1282 154
CA   35.034   4.573  68.295 -164.40  152.80 GLU  1889 235
CA   33.843  19.047  68.680 -132.20  120.10 CYS  2117 266
CA   39.778  11.186  63.587 -136.90  130.00 HIS  3282 416
CA   35.129   4.211  68.365  -61.70  -23.20 SER  1699 210
CA   33.875  19.045  67.964 -125.70  125.80 CYS  3156 399
CA   41.272  10.297  62.789  -85.10  -29.00 MET  3348 425
CA   34.102   5.686  68.076 -115.70  140.80 ILE  2839 359
CA   32.613  18.913  70.710 -161.30  140.00 GLY  3270 414
CA   41.022  10.531  63.686  -65.40  134.40 LYS  3247 411
CA   35.755   4.315  68.254  -62.20  -44.30 ASP  3459 441
CA   32.662  20.131  68.715 -141.60  135.70 LYS  3177 402
CA   42.576  10.869  63.559  -99.70  128.10 GLU   541  66
CA   33.669   5.793  69.097 -131.90  139.90 THR   391  47
CA   32.589  19.427  69.837  -81.00  -41.70 LYS   305  36
CA   41.984  11.494  63.647 -161.90  165.20 ALA   910 109
CA   34.794   3.841  67.979  -59.30  -49.80 GLN   330  39
CA   32.137  19.892  69.178 -113.30  146.80 TRP   803  97
CA   41.907  11.461  64.065  -68.30  126.70 LYS  1310 153
CA   34.037   3.976  69.472 -113.30  146.80 TRP   803  97
CA   33.652  19.584  69.991  -69.10  -49.90 ILE   364  43
CA   41.575  10.148  63.369 -135.70  130.10 GLY   631  77
CA   35.239   5.607  68.800  -62.10  -43.60 TYR  1253 146
CA   31.787  18.546  70.187 -116.30  113.90 ILE   817  98
CA   40.637  11.096  63.758 -135.70  130.10 GLY   631  77
CA   35.046   5.135  68.602  -62.10  -43.60 TYR  1253 146
CA   32.960  18.359  69.482 -106.60  135.50 ALA   836 100
CA   40.088  11.904  62.977 -121.70  133.10 VAL   690  83
CA   34.159   2.791  68.169 -135.50  151.40 CYS   900 112
CA   33.194  20.616  68.733  -57.10  -34.10 ALA  1252 156
CA   40.833  11.280  62.872 -121.70  133.10 VAL   690  83
CA   34.615   4.615  68.199  -56.50  -47.30 GLN  1257 157
CA   33.502  19.033  69.698 -109.80   15.40 ASN  1203 150
CA   41.294  10.450  63.475 -124.00  147.20 LYS  1868 228
CA   34.457   5.749  69.542 -101.10  139.30 SER  1044 130
CA   32.165  18.764  69.356  -61.20  -45.50 GLU  1266 158
CA   42.138  11.059  62.263  -60.20  -43.20 TYR  1339 166
CA   33.148   5.514  68.709  -85.00  136.40 THR  1058 132
CA   32.612  19.028  70.265 -104.60   -9.40 LEU  1139 142
CA   41.440   9.289  63.880 -118.90  112.50 TYR  1901 232
CA   35.225   5.749  68.768 -102.20  125.70 ARG  1072 134
CA   31.381  19.317  70.323 -107.60  -20.60 ASN  1375 170
CA   41.706  10.841  63.468 -112.40  149.00 ASP  1172 146
CA   35.042   5.265  68.922 -124.00  147.20 LYS  1868 228
CA   33.112  18.752  70.117  -61.20  -45.50 GLU  1266 158
CA   42.676  12.011  63.036 -124.00  147.20 LYS  1868 228
CA   33.706   3.580  68.993  -61.20  -45.50 GLU  1266 158
CA   32.203  19.353  69.062 -137.30  150.60 TYR  1502 185
CA   42.045  12.029  62.944 -126.40  139.30 GLU  1885 230
CA   33.693   3.932  68.821  -61.10  -36.60 LEU  1303 162
CA   34.045  19.624  68.796  -75.40  128.70 ASP  1627 198
CA   42.105   9.010  62.867  -75.40  128.70 ASP  1627 198
CA   34.445   5.684  68.317 -118.90  112.50 TYR  1901 232
CA   31.079  19.773  69.936  -60.20  -43.20 TYR  1339 166
CA   42.207   9.460  63.184 -136.10  148.40 SER  1720 215
CA   34.323   6.420  68.332  -61.10  -45.80 ASP  1290 159
CA   31.155  17.918  70.116 -163.80  154.90 ALA  1366 169
CA   42.181   9.956  63.339 -107.10  154.10 THR  2264 282
CA   34.594   4.868  67.771  -60.80  -47.30 ILE  3014 374
CA   31.502  20.226  70.250 -100.70  114.40 LYS  2804 349
CA   42.046  12.101  62.793 -107.10  154.10 THR  2264 282
CA   33.714   5.266  69.374 -127.90  141.00 THR  2827 351
CA   32.477  18.759  70.294  -67.70  -46.90 VAL  3007 373
CA   41.144  12.389  63.249  -67.70  -46.90 VAL  3007 373
CA   35.449   5.555  68.916 -125.70  145.20 VAL  2337 290
CA   32.811  18.080  68.794 -101.80  128.60 LEU  2489 310
CA   41.603  11.687  63.936 -120.60  153.70 TYR  2497 311
CA   34.389   5.881  68.711  -67.70  -46.90 VAL  3007 373
CA   34.211  16.388  69.621 -125.70  145.20 VAL  2337 290
CA   41.998  11.742  63.415  -98.00  134.60 ALA  2344 291
CA   34.026   4.689  68.932  -67.70  -46.90 VAL  3007 373
CA   32.273  19.200  69.752 -131.70  152.20 SER  2483 309
CA   42.470  11.703  63.105  -98.00  134.60 ALA  2344 291
CA   33.808   5.577  68.687  -67.70  -46.90 VAL  3007 373
CA   31.701  18.911  70.174 -127.90  141.00 THR  2827 351
CA   41.712  11.829  61.898  -67.70  -46.90 VAL  3007 373
CA   33.532   3.246  68.522 -127.90  141.00 THR  2827 351
CA   32.371  20.656  68.908 -131.70  152.20 SER  2483 309
CA   40.593  12.408  63.277  -60.00  -28.70 SER  2965 368
CA   34.665   3.576  67.909  -92.00  -48.70 ILE  2605 323
CA   32.742  20.261  68.483 -123.00  143.20 PHE  2929 364
CA   42.490  12.429  62.627 -150.60  122.10 SER  2743 342
CA   33.721   4.644  68.699  -82.70  -11.90 HIS  2982 370
CA   32.317  18.460  69.253 -100.70  114.40 LYS  2804 349
CA   41.150  11.802  64.455  -96.80  134.60 GLU  2818 350
CA   34.497   4.817  68.930 -150.60  122.10 SER  2743 342
CA   33.222  17.960  68.787  -82.70  -11.90 HIS  2982 370
CA   42.072  11.353  63.640 -105.40  136.30 TRP  1029 125
CA   33.606   4.427  69.680 -126.40  149.40 ARG   668  82
CA   33.247  19.152  69.784  -68.70  -38.10 GLY    75   9
CA   42.075  11.950  63.627  -98.90  114.30 TYR   769  94
CA   34.895   3.921  68.501  -66.80  -39.60 LEU    79  10
CA   32.600  19.388  69.591  -74.50  117.40 PHE   634  77
CA   40.945  12.475  63.438 -105.40  136.30 TRP  1029 125
CA   34.584   5.039  67.833  -58.90  -62.50 CYS   102  13
CA   32.635  19.634  69.422 -126.40  149.40 ARG   668  82
CA   41.645   9.492  62.875  -75.40  139.60 GLN   791  96
CA   35.509   4.798  67.328 -107.50  116.70 LEU  1011 123
CA   31.880  20.494  69.596  -63.00  -36.10 GLU   127  16
CA   42.182  12.203  63.366  149.90  168.90 GLY  1139 137
CA   33.963   2.326  68.598  -63.00  -36.10 GLU   127  16
CA   32.352  20.675  69.082 -118.30   98.60 ALA   998 121
CA   42.431  11.193  62.894 -107.80  -21.50 THR   939 113
CA   34.146   5.719  68.295  -93.70  -20.80 ARG  1259 151
CA   32.211  18.479  68.941  -75.10  145.80 PRO   826 100
CA   40.952  12.187  63.198  -68.00  -18.00 SER   616  73
CA   34.349   4.769  69.285  -99.50  161.10 THR    62   6
CA   32.753  18.757  68.480  -89.60  145.90 SER   587  69
CA   42.209  11.189  63.706 -136.10  154.70 LEU   155  15
CA   33.545   5.671  68.698 -102.30   -7.80 VAL   622  74
CA   32.214  18.090  69.081  -84.80  128.90 MET   283  31
CA   42.403   9.775  63.434 -148.30  149.80 PHE   163  16
CA   33.994   6.913  68.898 -103.60  130.60 ARG   525  61
CA   31.186  18.451  70.278  -69.00  -35.40 ASP   741  88
CA   41.710  10.716  63.994 -134.40  120.20 ASP   676  81
CA   34.180   4.517  68.871 -148.30  149.80 PHE   163  16
CA   32.808  20.202  69.034  -69.00  -35.40 ASP   741  88
CA   41.460  10.666  63.942 -146.80  160.30 ARG   261  29
CA   35.112   5.555  68.934 -102.30   -7.80 VAL   622  74
CA   32.229  18.471  69.504 -108.60  127.60 VAL   174  17
CA   42.112  10.994  62.184 -103.60  130.60 ARG   525  61
CA   34.235   5.264  68.527  -64.20  -45.90 ALA   778  92
CA   33.200  19.306  69.998  -71.80  124.10 ASP   181  18
CA   42.241  11.076  62.475 -103.60  130.60 ARG   525  61
CA   34.268   5.332  68.682  -64.20  -45.90 ALA   778  92
CA   32.605  18.569  68.676 -135.30  166.50 VAL   291  32
CA   41.896  10.957  62.127 -103.60  130.60 ARG   525  61
CA   33.600   5.324  68.635  -69.00  -35.40 ASP   741  88
CA   32.682  19.129  70.427 -134.40  120.20 ASP   676  81
CA   39.829  11.138  63.538 -161.70  153.50 SER  1116 122
CA   34.797   5.441  68.062  -64.00  -22.60 ASP  1403 155
CA   33.404  18.836  68.278  -76.90  134.60 LYS  1455 162
CA   42.621  12.145  62.482  -76.90  134.60 LYS  1455 162
CA   34.093   4.446  69.511  -64.00  -22.60 ASP  1403 155
CA   32.542  18.054  69.183 -121.80  127.80 VAL  1186 131
CA   40.556  12.465  62.698 -158.60  165.70 SER  2106 259
CA   34.141   2.679  68.822  -64.40  -21.00 GLN   313  38
CA   32.476  20.794  68.996 -153.00  147.40 VAL   483  56
CA   42.525  11.162  61.925  -62.90  -44.70 TRP   400  47
CA   33.802   5.175  68.946 -153.00  147.40 VAL   483  56
CA   31.529  18.125  70.144 -158.60  165.70 SER  2106 259
CA   41.625  11.489  61.879 -147.10  171.10 MET   808 105
CA   34.110   5.201  68.888  -67.00  -35.10 ARG  1146 148
CA   33.221  17.833  70.308 -131.40  129.70 ILE  1748 229
CA   43.371  10.816  62.290 -145.80  139.70 VAL  2177 285
CA   33.582   5.726  68.970  -60.60  -49.30 GLN   895 117
CA   31.531  17.770  69.649 -124.90  131.80 GLY  1732 226
CA   43.197  10.770  62.499 -145.80  139.70 VAL  2177 285
CA   34.169   3.950  68.692  -60.60  -49.30 GLN   895 117
CA   31.708  19.527  69.316  -84.40  100.90 PHE  1863 246
CA   42.195  10.878  63.542 -109.70  109.40 ILE  1289 167
CA   33.991   3.830  69.548 -144.00  132.20 HIS  1511 196
CA   32.589  20.175  70.069  -68.10  -35.20 SER  1431 186
CA   40.959  11.742  64.318  -62.20  -45.30 VAL  1940 256
CA   34.018   4.924  68.089 -113.10  120.30 GLU  2139 280
CA   33.177  19.806  68.800  -88.70  104.40 LEU  1904 251
